[[0.06446967 0.06486985 0.06726267 0.07848367]
 [0.03655274 0.03613459 0.03538487 0.03630282]
 [0.06600861 0.06457956 0.06372379 0.06527763]
 [0.053463   0.04819364 0.04550551 0.04478657]] 

[[0.08709891 0.08558181 0.10152956 0.09943398]
 [0.04697868 0.04824107 0.05069744 0.05347855]
 [0.0716501  0.07330044 0.07347904 0.07492599]
 [0.05498801 0.04810503 0.04688598 0.04599991]] 

[[0.01077469 0.01049566 0.01023508 0.05241435]
 [0.02309861 0.01880297 0.01820458 0.01921627]
 [0.02454679 0.02325789 0.02204662 0.02176315]
 [0.03074179 0.02923855 0.02901187 0.03251653]] 

[[ 0.02136804  0.15908674  2.13441348 11.11973268]
 [ 0.02557761  0.02643157  0.02583188  0.03168853]
 [ 0.02666681  0.02787745  0.03036656  0.02694039]
 [ 0.03148259  0.028654    0.03104081  0.03658469]] 
